Multiple size <= 100
TEST 1 ARG:29 32 27 37 88 80 61 69 54 98 13 85 43 42 44 52 16 5 51 40 82 11 53 22 76 93 94 23 47 56 6 7 66 2 81 72 77 78 74 91 31 28 24 30 55 46 25 68 18 58 35 8 64 39 21 36 95 59 75 99 97 67 62 9 87 48 3 60 83 86 89 73 65 15 50 1 10 33 4 71 17 14 63 34 20 57 49 96 26 19 41 38 0 84 70 79 12 92 45 90
TEST 1 ARG:29 32 27 37 88 80 61 69 54 98 13 85 43 42 44 52 16 5 51 40 82 11 53 22 76 93 94 23 47 56 6 7 66 2 81 72 77 78 74 91 31 28 24 30 55 46 25 68 18 58 35 8 64 39 21 36 95 59 75 99 97 67 62 9 87 48 3 60 83 86 89 73 65 15 50 1 10 33 4 71 17 14 63 34 20 57 49 96 26 19 41 38 0 84 70 79 12 92 45 90
TEST 2 ARG:93 57 87 79 14 65 85 52 25 70 23 76 22 8 64 62 48 39 3 88 45 33 71 11 75 15 67 18 94 34 29 37 60 99 95 13 83 96 32 56 5 82 19 27 72 7 10 21 92 9 12 6 77 55 20 89 69 40 74 58 38 91 53 0 35 36 84 28 26 81 98 41 80 97 54 46 51 50 44 68 2 61 59 47 31 24 1 4 16 66 43 17 90 73 86 30 42 63 49 78
TEST 2 ARG:93 57 87 79 14 65 85 52 25 70 23 76 22 8 64 62 48 39 3 88 45 33 71 11 75 15 67 18 94 34 29 37 60 99 95 13 83 96 32 56 5 82 19 27 72 7 10 21 92 9 12 6 77 55 20 89 69 40 74 58 38 91 53 0 35 36 84 28 26 81 98 41 80 97 54 46 51 50 44 68 2 61 59 47 31 24 1 4 16 66 43 17 90 73 86 30 42 63 49 78
TEST 3 ARG:99 36 54 3 97 29 30 74 27 28 9 16 34 24 59 46 56 26 8 1 81 22 14 88 69 11 68 80 84 48 92 47 21 77 13 41 17 20 44 39 58 71 82 25 70 76 49 12 57 64 85 63 37 53 91 35 18 2 52 98 83 95 15 86 42 19 65 40 5 60 50 55 78 87 90 96 62 4 72 67 66 75 31 61 38 0 10 51 23 33 93 79 7 43 94 73 6 45 89 32
TEST 3 ARG:99 36 54 3 97 29 30 74 27 28 9 16 34 24 59 46 56 26 8 1 81 22 14 88 69 11 68 80 84 48 92 47 21 77 13 41 17 20 44 39 58 71 82 25 70 76 49 12 57 64 85 63 37 53 91 35 18 2 52 98 83 95 15 86 42 19 65 40 5 60 50 55 78 87 90 96 62 4 72 67 66 75 31 61 38 0 10 51 23 33 93 79 7 43 94 73 6 45 89 32
TEST 4 ARG:80 31 21 13 69 15 14 6 44 1 65 83 34 49 11 25 66 53 9 54 24 85 43 3 62 8 74 64 57 79 35 99 0 70 33 58 20 45 88 81 92 55 50 95 75 38 59 23 78 36 71 26 12 10 91 4 94 77 46 47 27 39 5 67 18 42 76 96 90 97 68 37 72 2 41 87 32 98 86 84 52 51 19 17 93 28 60 22 89 56 16 82 48 7 63 61 29 73 30 40
TEST 4 ARG:80 31 21 13 69 15 14 6 44 1 65 83 34 49 11 25 66 53 9 54 24 85 43 3 62 8 74 64 57 79 35 99 0 70 33 58 20 45 88 81 92 55 50 95 75 38 59 23 78 36 71 26 12 10 91 4 94 77 46 47 27 39 5 67 18 42 76 96 90 97 68 37 72 2 41 87 32 98 86 84 52 51 19 17 93 28 60 22 89 56 16 82 48 7 63 61 29 73 30 40
TEST 5 ARG:50 56 93 79 84 38 45 6 88 51 1 13 83 55 87 97 71 70 31 14 36 5 65 26 32 48 8 76 35 58 37 0 40 74 42 33 17 75 66 73 54 41 80 3 94 90 78 91 16 96 10 24 20 27 86 64 89 60 18 39 57 77 49 43 4 23 34 15 85 47 61 12 81 62 19 95 59 22 98 46 99 67 44 53 25 9 63 68 21 82 11 30 69 28 72 52 92 7 29 2
TEST 5 ARG:50 56 93 79 84 38 45 6 88 51 1 13 83 55 87 97 71 70 31 14 36 5 65 26 32 48 8 76 35 58 37 0 40 74 42 33 17 75 66 73 54 41 80 3 94 90 78 91 16 96 10 24 20 27 86 64 89 60 18 39 57 77 49 43 4 23 34 15 85 47 61 12 81 62 19 95 59 22 98 46 99 67 44 53 25 9 63 68 21 82 11 30 69 28 72 52 92 7 29 2
TEST 6 ARG:94 39 64 26 73 19 79 96 85 31 32 91 5 14 3 86 53 41 42 38 29 62 99 17 76 51 88 52 66 15 45 50 87 98 37 11 10 0 44 63 90 13 25 56 27 65 68 1 69 55 92 58 12 33 84 24 54 83 8 82 95 48 43 30 47 28 7 21 18 57 20 4 74 2 40 81 61 59 78 34 70 72 93 35 49 23 89 97 80 75 46 9 6 71 22 77 60 67 16 36
TEST 6 ARG:94 39 64 26 73 19 79 96 85 31 32 91 5 14 3 86 53 41 42 38 29 62 99 17 76 51 88 52 66 15 45 50 87 98 37 11 10 0 44 63 90 13 25 56 27 65 68 1 69 55 92 58 12 33 84 24 54 83 8 82 95 48 43 30 47 28 7 21 18 57 20 4 74 2 40 81 61 59 78 34 70 72 93 35 49 23 89 97 80 75 46 9 6 71 22 77 60 67 16 36
TEST 7 ARG:77 73 47 12 99 44 98 81 7 63 74 29 56 89 62 36 45 67 57 37 71 59 39 50 34 1 96 61 32 78 11 33 86 87 13 21 55 4 40 3 20 14 93 90 53 28 58 65 72 85 9 10 27 8 26 79 51 97 22 41 30 43 64 0 18 70 92 68 54 48 16 52 35 6 82 66 42 80 84 49 23 91 19 95 94 38 2 31 15 5 69 60 25 76 75 83 46 88 17 24
TEST 7 ARG:77 73 47 12 99 44 98 81 7 63 74 29 56 89 62 36 45 67 57 37 71 59 39 50 34 1 96 61 32 78 11 33 86 87 13 21 55 4 40 3 20 14 93 90 53 28 58 65 72 85 9 10 27 8 26 79 51 97 22 41 30 43 64 0 18 70 92 68 54 48 16 52 35 6 82 66 42 80 84 49 23 91 19 95 94 38 2 31 15 5 69 60 25 76 75 83 46 88 17 24
TEST 8 ARG:59 95 63 60 24 19 43 0 41 94 92 82 42 27 96 71 46 80 54 33 72 40 51 89 93 91 53 67 5 21 83 20 61 68 69 47 35 28 38 73 29 34 2 52 3 25 17 30 13 55 31 50 18 36 23 90 85 97 99 70 48 78 98 37 9 45 26 7 58 87 66 74 64 86 15 16 39 12 49 44 81 88 56 57 8 79 11 76 65 32 84 1 14 4 6 77 10 22 62 75
TEST 8 ARG:59 95 63 60 24 19 43 0 41 94 92 82 42 27 96 71 46 80 54 33 72 40 51 89 93 91 53 67 5 21 83 20 61 68 69 47 35 28 38 73 29 34 2 52 3 25 17 30 13 55 31 50 18 36 23 90 85 97 99 70 48 78 98 37 9 45 26 7 58 87 66 74 64 86 15 16 39 12 49 44 81 88 56 57 8 79 11 76 65 32 84 1 14 4 6 77 10 22 62 75
TEST 9 ARG:84 44 64 20 35 70 11 3 33 78 56 29 5 38 74 42 27 46 75 8 54 36 79 87 24 94 71 37 62 31 58 9 59 95 26 48 51 4 41 92 90 82 66 85 43 98 22 6 50 97 14 10 80 47 23 45 91 76 18 2 21 19 15 63 88 61 67 96 16 55 32 28 49 77 60 65 73 99 57 86 30 7 53 39 69 13 25 12 40 34 83 0 72 68 89 93 17 81 52 1
TEST 9 ARG:84 44 64 20 35 70 11 3 33 78 56 29 5 38 74 42 27 46 75 8 54 36 79 87 24 94 71 37 62 31 58 9 59 95 26 48 51 4 41 92 90 82 66 85 43 98 22 6 50 97 14 10 80 47 23 45 91 76 18 2 21 19 15 63 88 61 67 96 16 55 32 28 49 77 60 65 73 99 57 86 30 7 53 39 69 13 25 12 40 34 83 0 72 68 89 93 17 81 52 1
TEST 10 ARG:8 45 5 89 10 24 18 23 41 74 96 59 54 15 78 84 40 56 86 50 66 3 28 88 81 6 94 68 22 76 26 92 9 13 90 57 93 55 34 65 1 99 49 69 97 20 67 43 29 91 82 75 30 38 7 80 61 64 95 46 52 19 87 33 36 47 48 42 31 44 37 51 12 62 98 83 72 60 85 17 16 79 71 73 58 77 2 27 4 21 63 25 70 39 53 32 0 14 11 35
TEST 10 ARG:8 45 5 89 10 24 18 23 41 74 96 59 54 15 78 84 40 56 86 50 66 3 28 88 81 6 94 68 22 76 26 92 9 13 90 57 93 55 34 65 1 99 49 69 97 20 67 43 29 91 82 75 30 38 7 80 61 64 95 46 52 19 87 33 36 47 48 42 31 44 37 51 12 62 98 83 72 60 85 17 16 79 71 73 58 77 2 27 4 21 63 25 70 39 53 32 0 14 11 35
TEST 11 ARG:18 85 19 69 21 6 24 20 23 5 93 60 1 17 25 97 82 26 70 58 64 83 22 3 38 72 7 34 2 73 88 54 94 12 71 46 67 99 91 80 14 92 8 35 4 57 36 13 62 74 11 59 33 43 76 9 40 78 29 61 55 66 68 27 0 51 56 31 96 75 50 15 87 53 84 39 79 81 65 77 37 98 47 90 16 89 41 42 52 95 32 28 30 10 45 63 44 86 49 48
TEST 11 ARG:18 85 19 69 21 6 24 20 23 5 93 60 1 17 25 97 82 26 70 58 64 83 22 3 38 72 7 34 2 73 88 54 94 12 71 46 67 99 91 80 14 92 8 35 4 57 36 13 62 74 11 59 33 43 76 9 40 78 29 61 55 66 68 27 0 51 56 31 96 75 50 15 87 53 84 39 79 81 65 77 37 98 47 90 16 89 41 42 52 95 32 28 30 10 45 63 44 86 49 48
TEST 12 ARG:26 34 47 83 51 67 4 79 36 68 86 97 9 45 73 21 14 89 87 2 29 92 41 70 0 12 15 62 98 40 78 81 49 60 74 7 35 20 28 94 59 66 80 58 37 46 96 39 93 48 55 77 16 52 76 3 72 8 13 23 54 10 22 38 44 17 31 30 90 24 1 57 84 33 5 25 82 43 27 42 99 71 75 18 95 91 6 56 88 53 85 69 32 50 64 11 63 19 61 65
TEST 12 ARG:26 34 47 83 51 67 4 79 36 68 86 97 9 45 73 21 14 89 87 2 29 92 41 70 0 12 15 62 98 40 78 81 49 60 74 7 35 20 28 94 59 66 80 58 37 46 96 39 93 48 55 77 16 52 76 3 72 8 13 23 54 10 22 38 44 17 31 30 90 24 1 57 84 33 5 25 82 43 27 42 99 71 75 18 95 91 6 56 88 53 85 69 32 50 64 11 63 19 61 65
TEST 13 ARG:34 23 59 62 71 18 9 7 91 75 63 89 72 95 69 58 12 13 4 96 50 57 1 74 65 19 35 6 76 64 77 99 20 53 87 66 49 61 85 90 93 38 11 52 45 27 41 92 25 33 43 28 86 29 47 67 68 48 73 17 97 31 56 30 94 10 98 84 60 32 79 39 37 51 78 82 70 15 26 14 88 24 83 5 0 16 3 21 2 81 54 40 8 42 80 44 46 55 36 22
TEST 13 ARG:34 23 59 62 71 18 9 7 91 75 63 89 72 95 69 58 12 13 4 96 50 57 1 74 65 19 35 6 76 64 77 99 20 53 87 66 49 61 85 90 93 38 11 52 45 27 41 92 25 33 43 28 86 29 47 67 68 48 73 17 97 31 56 30 94 10 98 84 60 32 79 39 37 51 78 82 70 15 26 14 88 24 83 5 0 16 3 21 2 81 54 40 8 42 80 44 46 55 36 22
TEST 14 ARG:77 52 28 67 53 25 13 82 2 83 51 15 32 31 92 86 9 43 98 40 87 50 42 54 75 7 94 71 72 10 97 29 11 47 20 27 49 24 0 14 79 46 37 85 18 17 73 69 63 61 34 70 91 57 22 93 3 96 90 41 66 80 48 64 99 55 19 62 65 36 44 23 16 12 56 95 21 1 45 76 6 84 88 26 33 81 78 74 89 4 5 35 58 38 68 8 39 59 60 30
TEST 14 ARG:77 52 28 67 53 25 13 82 2 83 51 15 32 31 92 86 9 43 98 40 87 50 42 54 75 7 94 71 72 10 97 29 11 47 20 27 49 24 0 14 79 46 37 85 18 17 73 69 63 61 34 70 91 57 22 93 3 96 90 41 66 80 48 64 99 55 19 62 65 36 44 23 16 12 56 95 21 1 45 76 6 84 88 26 33 81 78 74 89 4 5 35 58 38 68 8 39 59 60 30
TEST 15 ARG:20 69 19 72 29 35 78 87 30 68 77 44 92 21 56 13 79 57 47 14 38 18 74 64 66 33 22 4 83 85 76 24 12 41 16 45 49 93 10 73 3 53 15 96 75 67 55 95 84 90 25 28 39 99 91 62 52 89 26 31 71 48 7 88 23 50 59 0 1 82 58 2 63 51 27 54 32 17 98 9 61 36 81 34 43 94 6 70 40 60 11 80 5 97 42 8 65 86 37 46
TEST 15 ARG:20 69 19 72 29 35 78 87 30 68 77 44 92 21 56 13 79 57 47 14 38 18 74 64 66 33 22 4 83 85 76 24 12 41 16 45 49 93 10 73 3 53 15 96 75 67 55 95 84 90 25 28 39 99 91 62 52 89 26 31 71 48 7 88 23 50 59 0 1 82 58 2 63 51 27 54 32 17 98 9 61 36 81 34 43 94 6 70 40 60 11 80 5 97 42 8 65 86 37 46
TEST 16 ARG:71 99 72 50 0 69 21 16 60 44 66 87 12 98 59 38 27 85 17 52 11 33 43 31 29 64 7 56 53 13 90 48 82 91 14 89 68 92 15 41 61 94 76 25 8 46 5 75 55 37 28 20 65 47 49 96 97 74 3 32 10 9 51 36 63 22 35 24 73 78 19 57 54 18 42 86 70 62 83 34 1 95 88 84 58 67 4 23 26 79 81 2 39 40 6 77 45 93 80 30
TEST 16 ARG:71 99 72 50 0 69 21 16 60 44 66 87 12 98 59 38 27 85 17 52 11 33 43 31 29 64 7 56 53 13 90 48 82 91 14 89 68 92 15 41 61 94 76 25 8 46 5 75 55 37 28 20 65 47 49 96 97 74 3 32 10 9 51 36 63 22 35 24 73 78 19 57 54 18 42 86 70 62 83 34 1 95 88 84 58 67 4 23 26 79 81 2 39 40 6 77 45 93 80 30
TEST 17 ARG:29 86 13 90 93 9 62 21 19 66 45 59 28 1 33 43 80 82 17 81 14 36 94 70 51 30 55 18 26 40 27 16 12 69 57 31 64 87 76 23 98 92 42 34 3 41 75 4 58 65 99 54 50 32 84 0 2 38 46 91 96 79 6 8 71 77 67 74 56 47 60 89 53 22 95 24 39 7 10 97 52 37 20 83 63 61 88 85 11 72 49 78 35 15 73 48 44 5 68 25
TEST 17 ARG:29 86 13 90 93 9 62 21 19 66 45 59 28 1 33 43 80 82 17 81 14 36 94 70 51 30 55 18 26 40 27 16 12 69 57 31 64 87 76 23 98 92 42 34 3 41 75 4 58 65 99 54 50 32 84 0 2 38 46 91 96 79 6 8 71 77 67 74 56 47 60 89 53 22 95 24 39 7 10 97 52 37 20 83 63 61 88 85 11 72 49 78 35 15 73 48 44 5 68 25
TEST 18 ARG:45 65 72 73 32 14 69 75 84 43 50 81 3 55 21 99 41 92 4 22 97 34 78 77 24 57 28 26 31 67 76 8 40 94 37 68 36 46 59 33 20 98 44 13 52 51 60 79 58 74 38 53 82 95 16 35 5 12 64 96 83 66 0 93 80 17 87 18 2 11 61 85 88 15 62 1 39 7 49 9 71 25 54 70 30 89 56 47 27 86 42 10 91 90 29 6 63 19 23 48
TEST 18 ARG:45 65 72 73 32 14 69 75 84 43 50 81 3 55 21 99 41 92 4 22 97 34 78 77 24 57 28 26 31 67 76 8 40 94 37 68 36 46 59 33 20 98 44 13 52 51 60 79 58 74 38 53 82 95 16 35 5 12 64 96 83 66 0 93 80 17 87 18 2 11 61 85 88 15 62 1 39 7 49 9 71 25 54 70 30 89 56 47 27 86 42 10 91 90 29 6 63 19 23 48
TEST 19 ARG:45 63 88 78 59 85 44 81 48 30 22 18 4 24 12 96 13 74 57 52 1 92 6 65 17 82 95 36 21 64 26 32 84 16 3 51 60 37 93 49 9 53 8 10 23 70 66 14 50 7 83 86 46 38 20 42 72 41 15 2 75 89 43 31 19 25 0 5 77 34 54 87 58 80 71 47 61 28 29 35 55 97 69 98 27 91 39 40 33 62 73 94 90 76 67 56 99 79 68 11
TEST 19 ARG:45 63 88 78 59 85 44 81 48 30 22 18 4 24 12 96 13 74 57 52 1 92 6 65 17 82 95 36 21 64 26 32 84 16 3 51 60 37 93 49 9 53 8 10 23 70 66 14 50 7 83 86 46 38 20 42 72 41 15 2 75 89 43 31 19 25 0 5 77 34 54 87 58 80 71 47 61 28 29 35 55 97 69 98 27 91 39 40 33 62 73 94 90 76 67 56 99 79 68 11
TEST 20 ARG:17 33 48 85 38 68 90 80 34 21 24 57 43 15 75 77 0 86 13 14 91 65 11 73 19 5 2 95 42 27 26 93 63 12 61 39 31 76 41 84 59 60 79 64 72 44 45 32 22 3 56 67 37 36 30 47 4 54 50 25 88 16 83 51 97 66 71 35 70 6 53 58 82 10 69 99 89 87 78 23 9 96 52 20 92 98 55 28 46 1 8 94 29 40 81 74 49 18 62 7
TEST 20 ARG:17 33 48 85 38 68 90 80 34 21 24 57 43 15 75 77 0 86 13 14 91 65 11 73 19 5 2 95 42 27 26 93 63 12 61 39 31 76 41 84 59 60 79 64 72 44 45 32 22 3 56 67 37 36 30 47 4 54 50 25 88 16 83 51 97 66 71 35 70 6 53 58 82 10 69 99 89 87 78 23 9 96 52 20 92 98 55 28 46 1 8 94 29 40 81 74 49 18 62 7
TEST 21 ARG:91 35 53 73 4 57 43 85 94 90 21 2 7 97 92 64 44 60 39 86 84 3 28 81 56 29 45 12 25 18 24 65 54 76 0 17 83 58 34 79 68 75 42 88 49 5 77 46 6 30 20 36 69 10 13 26 82 55 61 87 15 41 27 51 22 37 66 71 19 89 14 95 70 74 52 47 33 50 11 9 23 63 40 99 62 38 78 31 59 72 93 98 96 1 67 16 48 8 80 32
TEST 21 ARG:91 35 53 73 4 57 43 85 94 90 21 2 7 97 92 64 44 60 39 86 84 3 28 81 56 29 45 12 25 18 24 65 54 76 0 17 83 58 34 79 68 75 42 88 49 5 77 46 6 30 20 36 69 10 13 26 82 55 61 87 15 41 27 51 22 37 66 71 19 89 14 95 70 74 52 47 33 50 11 9 23 63 40 99 62 38 78 31 59 72 93 98 96 1 67 16 48 8 80 32
TEST 22 ARG:69 65 13 39 55 30 9 79 24 54 45 14 70 93 19 76 31 58 22 62 71 43 25 15 82 10 0 97 2 50 34 77 63 6 29 11 4 47 7 91 5 46 81 20 96 66 59 94 87 38 32 83 21 57 41 92 61 85 52 86 90 84 49 12 67 99 89 98 80 17 33 16 64 73 42 40 68 56 72 88 18 36 78 74 28 27 53 8 44 51 1 75 95 26 35 23 48 60 3 37
TEST 22 ARG:69 65 13 39 55 30 9 79 24 54 45 14 70 93 19 76 31 58 22 62 71 43 25 15 82 10 0 97 2 50 34 77 63 6 29 11 4 47 7 91 5 46 81 20 96 66 59 94 87 38 32 83 21 57 41 92 61 85 52 86 90 84 49 12 67 99 89 98 80 17 33 16 64 73 42 40 68 56 72 88 18 36 78 74 28 27 53 8 44 51 1 75 95 26 35 23 48 60 3 37
TEST 23 ARG:26 53 39 13 74 73 79 47 34 90 19 63 80 85 68 24 95 4 46 0 81 9 7 28 41 83 61 48 93 40 99 10 25 77 37 75 38 30 14 60 59 6 92 17 12 57 91 22 15 31 94 67 72 5 76 27 2 32 42 43 8 88 49 86 35 3 45 1 69 21 11 50 23 33 64 55 96 29 98 18 16 71 54 66 70 87 84 89 52 78 82 56 36 62 65 20 58 97 44 51
TEST 23 ARG:26 53 39 13 74 73 79 47 34 90 19 63 80 85 68 24 95 4 46 0 81 9 7 28 41 83 61 48 93 40 99 10 25 77 37 75 38 30 14 60 59 6 92 17 12 57 91 22 15 31 94 67 72 5 76 27 2 32 42 43 8 88 49 86 35 3 45 1 69 21 11 50 23 33 64 55 96 29 98 18 16 71 54 66 70 87 84 89 52 78 82 56 36 62 65 20 58 97 44 51
TEST 24 ARG:58 5 23 82 38 75 3 43 60 93 54 24 68 66 64 31 27 2 19 51 63 79 40 16 65 48 41 98 89 81 85 46 35 87 57 45 15 70 18 69 52 7 74 92 95 25 28 77 53 80 4 32 29 6 97 30 36 67 47 50 10 59 84 13 86 42 11 61 8 26 9 56 71 44 99 12 39 72 33 76 21 96 55 91 78 83 14 73 88 49 90 62 37 34 94 1 22 0 17 20
TEST 24 ARG:58 5 23 82 38 75 3 43 60 93 54 24 68 66 64 31 27 2 19 51 63 79 40 16 65 48 41 98 89 81 85 46 35 87 57 45 15 70 18 69 52 7 74 92 95 25 28 77 53 80 4 32 29 6 97 30 36 67 47 50 10 59 84 13 86 42 11 61 8 26 9 56 71 44 99 12 39 72 33 76 21 96 55 91 78 83 14 73 88 49 90 62 37 34 94 1 22 0 17 20
TEST 25 ARG:21 41 22 53 11 62 20 48 1 26 93 73 49 40 27 80 31 70 88 18 34 43 96 52 81 92 84 36 55 91 69 33 78 76 86 66 35 63 29 15 14 51 38 42 32 0 74 82 64 59 89 30 60 47 58 2 83 8 95 3 75 57 85 94 77 16 6 7 10 98 37 46 87 56 72 79 50 25 90 17 39 23 44 24 5 19 13 45 65 4 12 54 68 99 97 71 61 67 28 9
TEST 25 ARG:21 41 22 53 11 62 20 48 1 26 93 73 49 40 27 80 31 70 88 18 34 43 96 52 81 92 84 36 55 91 69 33 78 76 86 66 35 63 29 15 14 51 38 42 32 0 74 82 64 59 89 30 60 47 58 2 83 8 95 3 75 57 85 94 77 16 6 7 10 98 37 46 87 56 72 79 50 25 90 17 39 23 44 24 5 19 13 45 65 4 12 54 68 99 97 71 61 67 28 9
TEST 26 ARG:22 88 16 44 17 62 73 30 57 9 34 39 64 11 87 80 63 5 46 45 24 60 79 97 98 18 43 55 85 10 58 96 61 92 66 28 35 91 42 52 19 71 21 2 4 81 50 82 8 6 40 36 93 76 47 59 20 74 33 90 12 54 41 67 84 31 49 78 1 89 69 99 48 77 94 68 86 14 13 51 15 37 95 70 0 53 32 3 75 23 38 27 29 25 26 72 7 56 83 65
TEST 26 ARG:22 88 16 44 17 62 73 30 57 9 34 39 64 11 87 80 63 5 46 45 24 60 79 97 98 18 43 55 85 10 58 96 61 92 66 28 35 91 42 52 19 71 21 2 4 81 50 82 8 6 40 36 93 76 47 59 20 74 33 90 12 54 41 67 84 31 49 78 1 89 69 99 48 77 94 68 86 14 13 51 15 37 95 70 0 53 32 3 75 23 38 27 29 25 26 72 7 56 83 65
TEST 27 ARG:46 11 7 4 49 97 90 20 9 10 93 19 69 77 16 64 57 89 8 12 63 81 37 28 33 3 27 83 78 96 51 15 24 48 82 65 25 91 61 70 95 66 84 88 26 40 41 79 53 43 6 75 74 56 18 38 62 76 80 17 1 39 98 59 50 36 54 94 13 55 45 29 30 92 86 35 71 72 85 99 52 22 2 68 21 47 73 42 14 23 44 67 5 0 32 60 31 87 34 58
TEST 27 ARG:46 11 7 4 49 97 90 20 9 10 93 19 69 77 16 64 57 89 8 12 63 81 37 28 33 3 27 83 78 96 51 15 24 48 82 65 25 91 61 70 95 66 84 88 26 40 41 79 53 43 6 75 74 56 18 38 62 76 80 17 1 39 98 59 50 36 54 94 13 55 45 29 30 92 86 35 71 72 85 99 52 22 2 68 21 47 73 42 14 23 44 67 5 0 32 60 31 87 34 58
